{
 "cells": [
  {
   "cell_type": "code",
   "execution_count": 1,
   "id": "5e97915e-1584-49c0-b7c2-9a834452db15",
   "metadata": {},
   "outputs": [
    {
     "name": "stdout",
     "output_type": "stream",
     "text": [
      "Requirement already satisfied: numpy in c:\\users\\isug\\anaconda3\\lib\\site-packages (2.3.5)\n",
      "Note: you may need to restart the kernel to use updated packages.\n"
     ]
    }
   ],
   "source": [
    "pip install numpy"
   ]
  },
  {
   "cell_type": "code",
   "execution_count": 1,
   "id": "4be25225-147a-4a54-8bed-edff68b28507",
   "metadata": {},
   "outputs": [],
   "source": [
    "import numpy as np"
   ]
  },
  {
   "cell_type": "code",
   "execution_count": 21,
   "id": "23300c28-a6ec-4724-a665-152c60e3fd28",
   "metadata": {},
   "outputs": [
    {
     "data": {
      "text/plain": [
       "(2, 3)"
      ]
     },
     "execution_count": 21,
     "metadata": {},
     "output_type": "execute_result"
    }
   ],
   "source": [
    "arr = np.array ([ [1,2,3] , [4,5,6] ])\n",
    "result= arr * 2\n",
    "result"
   ]
  },
  {
   "cell_type": "code",
   "execution_count": 9,
   "id": "29c9cb7c-6f53-4145-9f99-e28797e66291",
   "metadata": {},
   "outputs": [
    {
     "name": "stdout",
     "output_type": "stream",
     "text": [
      "the first 2 rows and alternate columns(0 and 2 ):\n",
      " [[-1.  0.]\n",
      " [ 4.  6.]]\n"
     ]
    }
   ],
   "source": [
    "arr1 = np.array ([ [-1,2,0,4] , [4,-0.5,6,0], [2.6,0,7,8] ,[3,-7,4,2.0] ])\n",
    "arr2 =arr1[:2 ,::2]\n",
    "print (\"the first 2 rows and alternate columns(0 and 2 ):\\n\" , arr2)"
   ]
  },
  {
   "cell_type": "code",
   "execution_count": 10,
   "id": "ff2389fc-9e4f-45f5-bad2-935ba2e6d87a",
   "metadata": {},
   "outputs": [
    {
     "name": "stdout",
     "output_type": "stream",
     "text": [
      "\n",
      " Elements at indices (1,3) , (1,2) , (0,1) ,(3,0) : \n",
      " [0. 6. 2. 3.]\n"
     ]
    }
   ],
   "source": [
    "arr3 = arr1[[1,1,0,3] , [3,2,1,0]]\n",
    "print (\"\\n Elements at indices (1,3) , (1,2) , (0,1) ,(3,0) : \\n\" , arr3)"
   ]
  },
  {
   "cell_type": "code",
   "execution_count": 17,
   "id": "05d47266-dc9d-44fb-8ee6-a814900aa447",
   "metadata": {},
   "outputs": [
    {
     "name": "stdout",
     "output_type": "stream",
     "text": [
      "Plus 1 to every mtx A element: [[2 3]\n",
      " [4 5]]\n",
      "\n",
      "Minus 2 to every mtx B element: [[-1  0]\n",
      " [ 1  2]]\n",
      "\n",
      "Sum of all array elements: 10\n",
      "\n",
      "Array sum:\n",
      " [[2 4]\n",
      " [6 8]]\n"
     ]
    }
   ],
   "source": [
    "a= np.array([[1,2] , [3,4]])\n",
    "b= np.array([[1,2] , [3,4]])\n",
    "\n",
    "print(\"Plus 1 to every mtx A element:\" , a+1)\n",
    "print(\"\\nMinus 2 to every mtx B element:\" , b-2)\n",
    "print (\"\\nSum of all array elements:\", a.sum())\n",
    "print(\"\\nArray sum:\\n\", a+b)"
   ]
  },
  {
   "cell_type": "code",
   "execution_count": 22,
   "id": "368ea902-afe3-4182-9a8e-6e2e67d3db9a",
   "metadata": {},
   "outputs": [
    {
     "data": {
      "text/plain": [
       "(2, 3)"
      ]
     },
     "execution_count": 22,
     "metadata": {},
     "output_type": "execute_result"
    }
   ],
   "source": [
    "# array dimension\n",
    "arr = np.array ([ [1,2,3] , [4,5,6] ])\n",
    "arr.shape"
   ]
  },
  {
   "cell_type": "code",
   "execution_count": 34,
   "id": "e9521b99-868d-4a0a-bc31-364aa52b2a96",
   "metadata": {},
   "outputs": [
    {
     "name": "stdout",
     "output_type": "stream",
     "text": [
      "data type of x : int64\n",
      "data type of y : float64\n"
     ]
    }
   ],
   "source": [
    "x= np.array([[-11,2] , [1,-4]])\n",
    "y= np.array([[16,9] , [25,4]], dtype=np.float64)\n",
    "\n",
    "print (\"data type of x :\" , x.dtype)\n",
    "print (\"data type of y :\" , y.dtype)"
   ]
  },
  {
   "cell_type": "code",
   "execution_count": 35,
   "id": "a8fc8211-4395-4dc3-973b-4aa7ee4242f8",
   "metadata": {},
   "outputs": [
    {
     "data": {
      "text/plain": [
       "array([[ 5., 11.],\n",
       "       [26.,  0.]])"
      ]
     },
     "execution_count": 35,
     "metadata": {},
     "output_type": "execute_result"
    }
   ],
   "source": [
    "sum = np.add(x,y)\n",
    "sum"
   ]
  },
  {
   "cell_type": "code",
   "execution_count": 36,
   "id": "9c92c982-5178-409b-a5c7-feaad86379ef",
   "metadata": {},
   "outputs": [
    {
     "data": {
      "text/plain": [
       "np.int64(-12)"
      ]
     },
     "execution_count": 36,
     "metadata": {},
     "output_type": "execute_result"
    }
   ],
   "source": [
    "sum1 = np.sum(x)\n",
    "sum1"
   ]
  },
  {
   "cell_type": "code",
   "execution_count": 37,
   "id": "f45ad5e0-a0b6-4254-96e1-1a097b16ebf0",
   "metadata": {},
   "outputs": [
    {
     "data": {
      "text/plain": [
       "array([[4., 3.],\n",
       "       [5., 2.]])"
      ]
     },
     "execution_count": 37,
     "metadata": {},
     "output_type": "execute_result"
    }
   ],
   "source": [
    "SqrtOfy = np.sqrt(y)\n",
    "SqrtOfy"
   ]
  },
  {
   "cell_type": "code",
   "execution_count": 48,
   "id": "04c04203-16b9-421b-beea-9c29627baac0",
   "metadata": {},
   "outputs": [
    {
     "name": "stdout",
     "output_type": "stream",
     "text": [
      "transpose of x :\n",
      " [[-11   1]\n",
      " [  2  -4]]\n",
      "\n",
      "transpose of y :\n",
      " [[16. 25.]\n",
      " [ 9.  4.]]\n"
     ]
    }
   ],
   "source": [
    "transpose_x = x.T\n",
    "transpose_y = y.T\n",
    "print (\"transpose of x :\\n\", transpose_x)\n",
    "print (\"\\ntranspose of y :\\n\", transpose_y)"
   ]
  },
  {
   "cell_type": "code",
   "execution_count": 50,
   "id": "673d07d0-8de3-4443-bb93-3c55adfbe9ec",
   "metadata": {},
   "outputs": [
    {
     "data": {
      "text/plain": [
       "array([[11, 14, 17, 20],\n",
       "       [21, 24, 27, 30],\n",
       "       [31, 34, 37, 40],\n",
       "       [41, 44, 47, 50],\n",
       "       [51, 54, 57, 60],\n",
       "       [61, 64, 67, 70],\n",
       "       [71, 74, 77, 80]])"
      ]
     },
     "execution_count": 50,
     "metadata": {},
     "output_type": "execute_result"
    }
   ],
   "source": [
    "mtx = np.array ([\n",
    "    [1, 2, 3, 4, 5, 6, 7, 8, 9, 10],\n",
    "    [11, 12, 13, 14, 15, 16, 17, 18, 19, 20],\n",
    "    [21, 22, 23, 24, 25, 26, 27, 28, 29, 30],\n",
    "    [31, 32, 33, 34, 35, 36, 37, 38, 39, 40],\n",
    "    [41, 42, 43, 44, 45, 46, 47, 48, 49, 50],\n",
    "    [51, 52, 53, 54, 55, 56, 57, 58, 59, 60],\n",
    "    [61, 62, 63, 64, 65, 66, 67, 68, 69, 70],\n",
    "    [71, 72, 73, 74, 75, 76, 77, 78, 79, 80],\n",
    "    [81, 82, 83, 84, 85, 86, 87, 88, 89, 90],\n",
    "    [91, 92, 93, 94, 95, 96, 97, 98, 99, 100]\n",
    "])\n",
    "\n",
    "myArr=mtx[1:8,::3]\n",
    "myArr"
   ]
  },
  {
   "cell_type": "code",
   "execution_count": 53,
   "id": "0ffca590-5756-43c9-a032-809db9f54292",
   "metadata": {},
   "outputs": [
    {
     "data": {
      "text/plain": [
       "array([[  1,  11,  21,  31,  41,  51,  61,  71,  81,  91],\n",
       "       [  2,  12,  22,  32,  42,  52,  62,  72,  82,  92],\n",
       "       [  3,  13,  23,  33,  43,  53,  63,  73,  83,  93],\n",
       "       [  4,  14,  24,  34,  44,  54,  64,  74,  84,  94],\n",
       "       [  5,  15,  25,  35,  45,  55,  65,  75,  85,  95],\n",
       "       [  6,  16,  26,  36,  46,  56,  66,  76,  86,  96],\n",
       "       [  7,  17,  27,  37,  47,  57,  67,  77,  87,  97],\n",
       "       [  8,  18,  28,  38,  48,  58,  68,  78,  88,  98],\n",
       "       [  9,  19,  29,  39,  49,  59,  69,  79,  89,  99],\n",
       "       [ 10,  20,  30,  40,  50,  60,  70,  80,  90, 100]])"
      ]
     },
     "execution_count": 53,
     "metadata": {},
     "output_type": "execute_result"
    }
   ],
   "source": [
    "transposeofMtx = mtx.T\n",
    "transposeofMtx"
   ]
  },
  {
   "cell_type": "code",
   "execution_count": 64,
   "id": "8261455a-3b43-44c2-83e0-e90882b9212d",
   "metadata": {},
   "outputs": [
    {
     "data": {
      "text/plain": [
       "array([[  1,   2,   3,   4,   5,   6,   7,   8,   9,  10],\n",
       "       [ 11,  12,  13,  14,  15,  16,  17,  18,  19,  20],\n",
       "       [ 21,  22,  23,  24,  25,  26,  27,  28,  29,  30],\n",
       "       [ 31,  32,  33,  34,  35,  36,  37,  38,  39,  40],\n",
       "       [ 41,  42,  43,  44,  45,  46,  47,  48,  49,  50],\n",
       "       [ 51,  52,  53,  54,  55,  56,  57,  58,  59,  60],\n",
       "       [ 61,  62,  63,  64,  65,  66,  67,  68,  69,  70],\n",
       "       [ 71,  72,  73,  74,  75,  76,  77,  78,  79,  80],\n",
       "       [ 81,  82,  83,  84,  85,  86,  87,  88,  89,  90],\n",
       "       [ 91,  92,  93,  94,  95,  96,  97,  98,  99, 100]])"
      ]
     },
     "execution_count": 64,
     "metadata": {},
     "output_type": "execute_result"
    }
   ],
   "source": [
    "reshaped = np.reshape(mtx, (10,10))  \n",
    "reshaped"
   ]
  },
  {
   "cell_type": "code",
   "execution_count": 68,
   "id": "3d14355a-e322-4e50-9a12-2f26769b65a8",
   "metadata": {},
   "outputs": [
    {
     "data": {
      "text/plain": [
       "array([[1],\n",
       "       [2],\n",
       "       [3],\n",
       "       [4]])"
      ]
     },
     "execution_count": 68,
     "metadata": {},
     "output_type": "execute_result"
    }
   ],
   "source": [
    "vector = np.array([1, 2, 3, 4])\n",
    "column_vector = vector.reshape(4, 1)\n",
    "column_vector\n",
    "\n",
    "   "
   ]
  },
  {
   "cell_type": "code",
   "execution_count": null,
   "id": "43e379d1-c00a-4979-9a78-0c452b58e4e2",
   "metadata": {},
   "outputs": [],
   "source": []
  }
 ],
 "metadata": {
  "kernelspec": {
   "display_name": "Python [conda env:base] *",
   "language": "python",
   "name": "conda-base-py"
  },
  "language_info": {
   "codemirror_mode": {
    "name": "ipython",
    "version": 3
   },
   "file_extension": ".py",
   "mimetype": "text/x-python",
   "name": "python",
   "nbconvert_exporter": "python",
   "pygments_lexer": "ipython3",
   "version": "3.13.9"
  }
 },
 "nbformat": 4,
 "nbformat_minor": 5
}
